{
    "sfm_data_version": "0.2",
    "root_path": "/home/andrea/Scrivania/Datasets/Middelbury/dinoRing",
    "views": [
        {
            "key": 0,
            "value": {
                "ptr_wrapper": {
                    "id": 2147483649,
                    "data": {
                        "local_path": "/",
                        "filename": "dinoR0001.png",
                        "width": 640,
                        "height": 480,
                        "id_view": 0,
                        "id_intrinsic": 0,
                        "id_pose": 0
                    }
                }
            }
        },
        {
            "key": 1,
            "value": {
                "ptr_wrapper": {
                    "id": 2147483650,
                    "data": {
                        "local_path": "/",
                        "filename": "dinoR0002.png",
                        "width": 640,
                        "height": 480,
                        "id_view": 1,
                        "id_intrinsic": 0,
                        "id_pose": 1
                    }
                }
            }
        },
        {
            "key": 2,
            "value": {
                "ptr_wrapper": {
                    "id": 2147483651,
                    "data": {
                        "local_path": "/",
                        "filename": "dinoR0003.png",
                        "width": 640,
                        "height": 480,
                        "id_view": 2,
                        "id_intrinsic": 0,
                        "id_pose": 2
                    }
                }
            }
        },
        {
            "key": 3,
            "value": {
                "ptr_wrapper": {
                    "id": 2147483652,
                    "data": {
                        "local_path": "/",
                        "filename": "dinoR0004.png",
                        "width": 640,
                        "height": 480,
                        "id_view": 3,
                        "id_intrinsic": 0,
                        "id_pose": 3
                    }
                }
            }
        },
        {
            "key": 4,
            "value": {
                "ptr_wrapper": {
                    "id": 2147483653,
                    "data": {
                        "local_path": "/",
                        "filename": "dinoR0005.png",
                        "width": 640,
                        "height": 480,
                        "id_view": 4,
                        "id_intrinsic": 0,
                        "id_pose": 4
                    }
                }
            }
        },
        {
            "key": 5,
            "value": {
                "ptr_wrapper": {
                    "id": 2147483654,
                    "data": {
                        "local_path": "/",
                        "filename": "dinoR0006.png",
                        "width": 640,
                        "height": 480,
                        "id_view": 5,
                        "id_intrinsic": 0,
                        "id_pose": 5
                    }
                }
            }
        },
        {
            "key": 6,
            "value": {
                "ptr_wrapper": {
                    "id": 2147483655,
                    "data": {
                        "local_path": "/",
                        "filename": "dinoR0007.png",
                        "width": 640,
                        "height": 480,
                        "id_view": 6,
                        "id_intrinsic": 0,
                        "id_pose": 6
                    }
                }
            }
        },
        {
            "key": 7,
            "value": {
                "ptr_wrapper": {
                    "id": 2147483656,
                    "data": {
                        "local_path": "/",
                        "filename": "dinoR0008.png",
                        "width": 640,
                        "height": 480,
                        "id_view": 7,
                        "id_intrinsic": 0,
                        "id_pose": 7
                    }
                }
            }
        },
        {
            "key": 8,
            "value": {
                "ptr_wrapper": {
                    "id": 2147483657,
                    "data": {
                        "local_path": "/",
                        "filename": "dinoR0009.png",
                        "width": 640,
                        "height": 480,
                        "id_view": 8,
                        "id_intrinsic": 0,
                        "id_pose": 8
                    }
                }
            }
        },
        {
            "key": 9,
            "value": {
                "ptr_wrapper": {
                    "id": 2147483658,
                    "data": {
                        "local_path": "/",
                        "filename": "dinoR0010.png",
                        "width": 640,
                        "height": 480,
                        "id_view": 9,
                        "id_intrinsic": 0,
                        "id_pose": 9
                    }
                }
            }
        },
        {
            "key": 10,
            "value": {
                "ptr_wrapper": {
                    "id": 2147483659,
                    "data": {
                        "local_path": "/",
                        "filename": "dinoR0011.png",
                        "width": 640,
                        "height": 480,
                        "id_view": 10,
                        "id_intrinsic": 0,
                        "id_pose": 10
                    }
                }
            }
        },
        {
            "key": 11,
            "value": {
                "ptr_wrapper": {
                    "id": 2147483660,
                    "data": {
                        "local_path": "/",
                        "filename": "dinoR0012.png",
                        "width": 640,
                        "height": 480,
                        "id_view": 11,
                        "id_intrinsic": 0,
                        "id_pose": 11
                    }
                }
            }
        },
        {
            "key": 12,
            "value": {
                "ptr_wrapper": {
                    "id": 2147483661,
                    "data": {
                        "local_path": "/",
                        "filename": "dinoR0013.png",
                        "width": 640,
                        "height": 480,
                        "id_view": 12,
                        "id_intrinsic": 0,
                        "id_pose": 12
                    }
                }
            }
        },
        {
            "key": 13,
            "value": {
                "ptr_wrapper": {
                    "id": 2147483662,
                    "data": {
                        "local_path": "/",
                        "filename": "dinoR0014.png",
                        "width": 640,
                        "height": 480,
                        "id_view": 13,
                        "id_intrinsic": 0,
                        "id_pose": 13
                    }
                }
            }
        },
        {
            "key": 14,
            "value": {
                "ptr_wrapper": {
                    "id": 2147483663,
                    "data": {
                        "local_path": "/",
                        "filename": "dinoR0015.png",
                        "width": 640,
                        "height": 480,
                        "id_view": 14,
                        "id_intrinsic": 0,
                        "id_pose": 14
                    }
                }
            }
        },
        {
            "key": 15,
            "value": {
                "ptr_wrapper": {
                    "id": 2147483664,
                    "data": {
                        "local_path": "/",
                        "filename": "dinoR0016.png",
                        "width": 640,
                        "height": 480,
                        "id_view": 15,
                        "id_intrinsic": 0,
                        "id_pose": 15
                    }
                }
            }
        },
        {
            "key": 16,
            "value": {
                "ptr_wrapper": {
                    "id": 2147483665,
                    "data": {
                        "local_path": "/",
                        "filename": "dinoR0017.png",
                        "width": 640,
                        "height": 480,
                        "id_view": 16,
                        "id_intrinsic": 0,
                        "id_pose": 16
                    }
                }
            }
        },
        {
            "key": 17,
            "value": {
                "ptr_wrapper": {
                    "id": 2147483666,
                    "data": {
                        "local_path": "/",
                        "filename": "dinoR0018.png",
                        "width": 640,
                        "height": 480,
                        "id_view": 17,
                        "id_intrinsic": 0,
                        "id_pose": 17
                    }
                }
            }
        },
        {
            "key": 18,
            "value": {
                "ptr_wrapper": {
                    "id": 2147483667,
                    "data": {
                        "local_path": "/",
                        "filename": "dinoR0019.png",
                        "width": 640,
                        "height": 480,
                        "id_view": 18,
                        "id_intrinsic": 0,
                        "id_pose": 18
                    }
                }
            }
        },
        {
            "key": 19,
            "value": {
                "ptr_wrapper": {
                    "id": 2147483668,
                    "data": {
                        "local_path": "/",
                        "filename": "dinoR0020.png",
                        "width": 640,
                        "height": 480,
                        "id_view": 19,
                        "id_intrinsic": 0,
                        "id_pose": 19
                    }
                }
            }
        },
        {
            "key": 20,
            "value": {
                "ptr_wrapper": {
                    "id": 2147483669,
                    "data": {
                        "local_path": "/",
                        "filename": "dinoR0021.png",
                        "width": 640,
                        "height": 480,
                        "id_view": 20,
                        "id_intrinsic": 0,
                        "id_pose": 20
                    }
                }
            }
        },
        {
            "key": 21,
            "value": {
                "ptr_wrapper": {
                    "id": 2147483670,
                    "data": {
                        "local_path": "/",
                        "filename": "dinoR0022.png",
                        "width": 640,
                        "height": 480,
                        "id_view": 21,
                        "id_intrinsic": 0,
                        "id_pose": 21
                    }
                }
            }
        },
        {
            "key": 22,
            "value": {
                "ptr_wrapper": {
                    "id": 2147483671,
                    "data": {
                        "local_path": "/",
                        "filename": "dinoR0023.png",
                        "width": 640,
                        "height": 480,
                        "id_view": 22,
                        "id_intrinsic": 0,
                        "id_pose": 22
                    }
                }
            }
        },
        {
            "key": 23,
            "value": {
                "ptr_wrapper": {
                    "id": 2147483672,
                    "data": {
                        "local_path": "/",
                        "filename": "dinoR0024.png",
                        "width": 640,
                        "height": 480,
                        "id_view": 23,
                        "id_intrinsic": 0,
                        "id_pose": 23
                    }
                }
            }
        },
        {
            "key": 24,
            "value": {
                "ptr_wrapper": {
                    "id": 2147483673,
                    "data": {
                        "local_path": "/",
                        "filename": "dinoR0025.png",
                        "width": 640,
                        "height": 480,
                        "id_view": 24,
                        "id_intrinsic": 0,
                        "id_pose": 24
                    }
                }
            }
        },
        {
            "key": 25,
            "value": {
                "ptr_wrapper": {
                    "id": 2147483674,
                    "data": {
                        "local_path": "/",
                        "filename": "dinoR0026.png",
                        "width": 640,
                        "height": 480,
                        "id_view": 25,
                        "id_intrinsic": 0,
                        "id_pose": 25
                    }
                }
            }
        },
        {
            "key": 26,
            "value": {
                "ptr_wrapper": {
                    "id": 2147483675,
                    "data": {
                        "local_path": "/",
                        "filename": "dinoR0027.png",
                        "width": 640,
                        "height": 480,
                        "id_view": 26,
                        "id_intrinsic": 0,
                        "id_pose": 26
                    }
                }
            }
        },
        {
            "key": 27,
            "value": {
                "ptr_wrapper": {
                    "id": 2147483676,
                    "data": {
                        "local_path": "/",
                        "filename": "dinoR0028.png",
                        "width": 640,
                        "height": 480,
                        "id_view": 27,
                        "id_intrinsic": 0,
                        "id_pose": 27
                    }
                }
            }
        },
        {
            "key": 28,
            "value": {
                "ptr_wrapper": {
                    "id": 2147483677,
                    "data": {
                        "local_path": "/",
                        "filename": "dinoR0029.png",
                        "width": 640,
                        "height": 480,
                        "id_view": 28,
                        "id_intrinsic": 0,
                        "id_pose": 28
                    }
                }
            }
        },
        {
            "key": 29,
            "value": {
                "ptr_wrapper": {
                    "id": 2147483678,
                    "data": {
                        "local_path": "/",
                        "filename": "dinoR0030.png",
                        "width": 640,
                        "height": 480,
                        "id_view": 29,
                        "id_intrinsic": 0,
                        "id_pose": 29
                    }
                }
            }
        },
        {
            "key": 30,
            "value": {
                "ptr_wrapper": {
                    "id": 2147483679,
                    "data": {
                        "local_path": "/",
                        "filename": "dinoR0031.png",
                        "width": 640,
                        "height": 480,
                        "id_view": 30,
                        "id_intrinsic": 0,
                        "id_pose": 30
                    }
                }
            }
        },
        {
            "key": 31,
            "value": {
                "ptr_wrapper": {
                    "id": 2147483680,
                    "data": {
                        "local_path": "/",
                        "filename": "dinoR0032.png",
                        "width": 640,
                        "height": 480,
                        "id_view": 31,
                        "id_intrinsic": 0,
                        "id_pose": 31
                    }
                }
            }
        },
        {
            "key": 32,
            "value": {
                "ptr_wrapper": {
                    "id": 2147483681,
                    "data": {
                        "local_path": "/",
                        "filename": "dinoR0033.png",
                        "width": 640,
                        "height": 480,
                        "id_view": 32,
                        "id_intrinsic": 0,
                        "id_pose": 32
                    }
                }
            }
        },
        {
            "key": 33,
            "value": {
                "ptr_wrapper": {
                    "id": 2147483682,
                    "data": {
                        "local_path": "/",
                        "filename": "dinoR0034.png",
                        "width": 640,
                        "height": 480,
                        "id_view": 33,
                        "id_intrinsic": 0,
                        "id_pose": 33
                    }
                }
            }
        },
        {
            "key": 34,
            "value": {
                "ptr_wrapper": {
                    "id": 2147483683,
                    "data": {
                        "local_path": "/",
                        "filename": "dinoR0035.png",
                        "width": 640,
                        "height": 480,
                        "id_view": 34,
                        "id_intrinsic": 0,
                        "id_pose": 34
                    }
                }
            }
        },
        {
            "key": 35,
            "value": {
                "ptr_wrapper": {
                    "id": 2147483684,
                    "data": {
                        "local_path": "/",
                        "filename": "dinoR0036.png",
                        "width": 640,
                        "height": 480,
                        "id_view": 35,
                        "id_intrinsic": 0,
                        "id_pose": 35
                    }
                }
            }
        },
        {
            "key": 36,
            "value": {
                "ptr_wrapper": {
                    "id": 2147483685,
                    "data": {
                        "local_path": "/",
                        "filename": "dinoR0037.png",
                        "width": 640,
                        "height": 480,
                        "id_view": 36,
                        "id_intrinsic": 0,
                        "id_pose": 36
                    }
                }
            }
        },
        {
            "key": 37,
            "value": {
                "ptr_wrapper": {
                    "id": 2147483686,
                    "data": {
                        "local_path": "/",
                        "filename": "dinoR0038.png",
                        "width": 640,
                        "height": 480,
                        "id_view": 37,
                        "id_intrinsic": 0,
                        "id_pose": 37
                    }
                }
            }
        },
        {
            "key": 38,
            "value": {
                "ptr_wrapper": {
                    "id": 2147483687,
                    "data": {
                        "local_path": "/",
                        "filename": "dinoR0039.png",
                        "width": 640,
                        "height": 480,
                        "id_view": 38,
                        "id_intrinsic": 0,
                        "id_pose": 38
                    }
                }
            }
        },
        {
            "key": 39,
            "value": {
                "ptr_wrapper": {
                    "id": 2147483688,
                    "data": {
                        "local_path": "/",
                        "filename": "dinoR0040.png",
                        "width": 640,
                        "height": 480,
                        "id_view": 39,
                        "id_intrinsic": 0,
                        "id_pose": 39
                    }
                }
            }
        },
        {
            "key": 40,
            "value": {
                "ptr_wrapper": {
                    "id": 2147483689,
                    "data": {
                        "local_path": "/",
                        "filename": "dinoR0041.png",
                        "width": 640,
                        "height": 480,
                        "id_view": 40,
                        "id_intrinsic": 0,
                        "id_pose": 40
                    }
                }
            }
        },
        {
            "key": 41,
            "value": {
                "ptr_wrapper": {
                    "id": 2147483690,
                    "data": {
                        "local_path": "/",
                        "filename": "dinoR0042.png",
                        "width": 640,
                        "height": 480,
                        "id_view": 41,
                        "id_intrinsic": 0,
                        "id_pose": 41
                    }
                }
            }
        },
        {
            "key": 42,
            "value": {
                "ptr_wrapper": {
                    "id": 2147483691,
                    "data": {
                        "local_path": "/",
                        "filename": "dinoR0043.png",
                        "width": 640,
                        "height": 480,
                        "id_view": 42,
                        "id_intrinsic": 0,
                        "id_pose": 42
                    }
                }
            }
        },
        {
            "key": 43,
            "value": {
                "ptr_wrapper": {
                    "id": 2147483692,
                    "data": {
                        "local_path": "/",
                        "filename": "dinoR0044.png",
                        "width": 640,
                        "height": 480,
                        "id_view": 43,
                        "id_intrinsic": 0,
                        "id_pose": 43
                    }
                }
            }
        },
        {
            "key": 44,
            "value": {
                "ptr_wrapper": {
                    "id": 2147483693,
                    "data": {
                        "local_path": "/",
                        "filename": "dinoR0045.png",
                        "width": 640,
                        "height": 480,
                        "id_view": 44,
                        "id_intrinsic": 0,
                        "id_pose": 44
                    }
                }
            }
        },
        {
            "key": 45,
            "value": {
                "ptr_wrapper": {
                    "id": 2147483694,
                    "data": {
                        "local_path": "/",
                        "filename": "dinoR0046.png",
                        "width": 640,
                        "height": 480,
                        "id_view": 45,
                        "id_intrinsic": 0,
                        "id_pose": 45
                    }
                }
            }
        },
        {
            "key": 46,
            "value": {
                "ptr_wrapper": {
                    "id": 2147483695,
                    "data": {
                        "local_path": "/",
                        "filename": "dinoR0047.png",
                        "width": 640,
                        "height": 480,
                        "id_view": 46,
                        "id_intrinsic": 0,
                        "id_pose": 46
                    }
                }
            }
        },
        {
            "key": 47,
            "value": {
                "ptr_wrapper": {
                    "id": 2147483696,
                    "data": {
                        "local_path": "/",
                        "filename": "dinoR0048.png",
                        "width": 640,
                        "height": 480,
                        "id_view": 47,
                        "id_intrinsic": 0,
                        "id_pose": 47
                    }
                }
            }
        }
    ],
    "intrinsics": [
        {
            "key": 0,
            "value": {
                "polymorphic_id": 2147483649,
                "polymorphic_name": "pinhole",
                "ptr_wrapper": {
                    "id": 2147483697,
                    "data": {
                        "width": 640,
                        "height": 480,
                        "focal_length": 3310.3999999999996,
                        "principal_point": [
                            316.72999999999996,
                            200.54999999999998
                        ]
                    }
                }
            }
        }
    ],
    "extrinsics": [
        {
            "key": 0,
            "value": {
                "rotation": [
                    [
                        -0.086617,
                        0.97203099999999998,
                        0.21829499999999999
                    ],
                    [
                        -0.97597099999999992,
                        -0.038814999999999995,
                        -0.214418
                    ],
                    [
                        -0.19994799999999999,
                        -0.23162099999999999,
                        0.95203499999999996
                    ]
                ],
                "center": [
                    0.14996399999999999,
                    0.204702,
                    -0.61102800000000002
                ]
            }
        },
        {
            "key": 1,
            "value": {
                "rotation": [
                    [
                        -0.109514,
                        0.97116599999999997,
                        0.21176199999999998
                    ],
                    [
                        -0.95343099999999992,
                        -0.042401000000000001,
                        -0.29861699999999997
                    ],
                    [
                        -0.281028,
                        -0.23460199999999998,
                        0.93058199999999991
                    ]
                ],
                "center": [
                    0.20318,
                    0.206676,
                    -0.59659299999999993
                ]
            }
        },
        {
            "key": 2,
            "value": {
                "rotation": [
                    [
                        -0.14396499999999998,
                        0.96965299999999999,
                        0.197606
                    ],
                    [
                        -0.90366599999999997,
                        -0.047432999999999996,
                        -0.42560399999999998
                    ],
                    [
                        -0.40331499999999998,
                        -0.239841,
                        0.88306899999999999
                    ]
                ],
                "center": [
                    0.28337799999999996,
                    0.21013999999999999,
                    -0.564859
                ]
            }
        },
        {
            "key": 3,
            "value": {
                "rotation": [
                    [
                        -0.17615999999999998,
                        0.96797,
                        0.178893
                    ],
                    [
                        -0.83706499999999995,
                        -0.051676,
                        -0.54465799999999998
                    ],
                    [
                        -0.51796900000000001,
                        -0.24569199999999999,
                        0.81935499999999994
                    ]
                ],
                "center": [
                    0.35849199999999998,
                    0.214003,
                    -0.52250399999999997
                ]
            }
        },
        {
            "key": 4,
            "value": {
                "rotation": [
                    [
                        -0.20549899999999999,
                        0.96614899999999992,
                        0.155972
                    ],
                    [
                        -0.75486799999999998,
                        -0.055050999999999996,
                        -0.65356199999999998
                    ],
                    [
                        -0.62285199999999996,
                        -0.25204399999999999,
                        0.74062699999999992
                    ]
                ],
                "center": [
                    0.427122,
                    0.218193,
                    -0.47031799999999996
                ]
            }
        },
        {
            "key": 5,
            "value": {
                "rotation": [
                    [
                        -0.23143699999999998,
                        0.96422299999999994,
                        0.129269
                    ],
                    [
                        -0.65860799999999997,
                        -0.057493999999999996,
                        -0.75028600000000001
                    ],
                    [
                        -0.71601199999999998,
                        -0.25878099999999998,
                        0.64834999999999998
                    ]
                ],
                "center": [
                    0.48798899999999995,
                    0.222631,
                    -0.40927399999999997
                ]
            }
        },
        {
            "key": 6,
            "value": {
                "rotation": [
                    [
                        -0.25348999999999999,
                        0.96222999999999992,
                        0.099281999999999995
                    ],
                    [
                        -0.55007699999999993,
                        -0.058961,
                        -0.83302999999999994
                    ],
                    [
                        -0.795713,
                        -0.26577699999999999,
                        0.54424499999999998
                    ]
                ],
                "center": [
                    0.53995899999999997,
                    0.22723599999999999,
                    -0.34050799999999998
                ]
            }
        },
        {
            "key": 7,
            "value": {
                "rotation": [
                    [
                        -0.27124599999999999,
                        0.96020499999999998,
                        0.06656999999999999
                    ],
                    [
                        -0.43129699999999999,
                        -0.059422999999999997,
                        -0.90025099999999991
                    ],
                    [
                        -0.86047099999999999,
                        -0.272901,
                        0.43025099999999999
                    ]
                ],
                "center": [
                    0.58206499999999994,
                    0.23192099999999999,
                    -0.26530100000000001
                ]
            }
        },
        {
            "key": 8,
            "value": {
                "rotation": [
                    [
                        -0.28437599999999996,
                        0.95818700000000001,
                        0.031740999999999998
                    ],
                    [
                        -0.30447999999999997,
                        -0.058872999999999995,
                        -0.9506969999999999
                    ],
                    [
                        -0.90907799999999994,
                        -0.28001999999999999,
                        0.30848999999999999
                    ]
                ],
                "center": [
                    0.61352299999999993,
                    0.23659999999999998,
                    -0.185055
                ]
            }
        },
        {
            "key": 9,
            "value": {
                "rotation": [
                    [
                        -0.29263499999999998,
                        0.95621299999999998,
                        -0.004555
                    ],
                    [
                        -0.171989,
                        -0.057319999999999996,
                        -0.983429
                    ],
                    [
                        -0.94062999999999997,
                        -0.28700300000000001,
                        0.181231
                    ]
                ],
                "center": [
                    0.633745,
                    0.24118399999999998,
                    -0.10126399999999999
                ]
            }
        },
        {
            "key": 10,
            "value": {
                "rotation": [
                    [
                        -0.29586899999999999,
                        0.95431999999999995,
                        -0.041641999999999998
                    ],
                    [
                        -0.036291999999999998,
                        -0.054792999999999994,
                        -0.99783699999999997
                    ],
                    [
                        -0.95453899999999992,
                        -0.29371799999999998,
                        0.050844999999999994
                    ]
                ],
                "center": [
                    0.64235599999999993,
                    0.245589,
                    -0.015488999999999999
                ]
            }
        },
        {
            "key": 11,
            "value": {
                "rotation": [
                    [
                        -0.294018,
                        0.95254399999999995,
                        -0.078829999999999997
                    ],
                    [
                        0.10008299999999999,
                        -0.051339999999999997,
                        -0.99365300000000001
                    ],
                    [
                        -0.950546,
                        -0.300041,
                        -0.080238999999999991
                    ]
                ],
                "center": [
                    0.63919499999999996,
                    0.24973199999999998,
                    0.070671999999999999
                ]
            }
        },
        {
            "key": 12,
            "value": {
                "rotation": [
                    [
                        -0.28711599999999998,
                        0.95091599999999998,
                        -0.115425
                    ],
                    [
                        0.234596,
                        -0.047024999999999997,
                        -0.97095399999999998
                    ],
                    [
                        -0.92872499999999991,
                        -0.30585499999999999,
                        -0.20957999999999999
                    ]
                ],
                "center": [
                    0.62432100000000001,
                    0.25353700000000001,
                    0.155614
                ]
            }
        },
        {
            "key": 13,
            "value": {
                "rotation": [
                    [
                        -0.27529100000000001,
                        0.94946799999999998,
                        -0.15074699999999999
                    ],
                    [
                        0.36474200000000001,
                        -0.041928,
                        -0.93016399999999999
                    ],
                    [
                        -0.88948299999999991,
                        -0.31104899999999996,
                        -0.33476800000000001
                    ]
                ],
                "center": [
                    0.59801099999999996,
                    0.25693199999999999,
                    0.237756
                ]
            }
        },
        {
            "key": 14,
            "value": {
                "rotation": [
                    [
                        -0.25876399999999999,
                        0.94822699999999993,
                        -0.18413599999999999
                    ],
                    [
                        0.488095,
                        -0.036144999999999997,
                        -0.87204099999999996
                    ],
                    [
                        -0.83355000000000001,
                        -0.315529,
                        -0.45347199999999999
                    ]
                ],
                "center": [
                    0.560755,
                    0.259855,
                    0.31556499999999998
                ]
            }
        },
        {
            "key": 15,
            "value": {
                "rotation": [
                    [
                        -0.237844,
                        0.94721599999999995,
                        -0.214971
                    ],
                    [
                        0.60235799999999995,
                        -0.029781999999999999,
                        -0.79766999999999999
                    ],
                    [
                        -0.76196900000000001,
                        -0.31921099999999997,
                        -0.56347899999999995
                    ]
                ],
                "center": [
                    0.51324700000000001,
                    0.26224999999999998,
                    0.38759399999999999
                ]
            }
        },
        {
            "key": 16,
            "value": {
                "rotation": [
                    [
                        -0.212919,
                        0.94645299999999999,
                        -0.24267799999999998
                    ],
                    [
                        0.70540199999999997,
                        -0.022957999999999999,
                        -0.70843499999999993
                    ],
                    [
                        -0.67607200000000001,
                        -0.32202500000000001,
                        -0.66274100000000002
                    ]
                ],
                "center": [
                    0.456372,
                    0.26407399999999998,
                    0.45250099999999999
                ]
            }
        },
        {
            "key": 17,
            "value": {
                "rotation": [
                    [
                        -0.18445399999999998,
                        0.9459519999999999,
                        -0.26673999999999998
                    ],
                    [
                        0.79530899999999993,
                        -0.015800999999999999,
                        -0.60599799999999993
                    ],
                    [
                        -0.577461,
                        -0.32391999999999999,
                        -0.74940899999999999
                    ]
                ],
                "center": [
                    0.39118999999999998,
